COOPER MINIMUM REPORT: H
============================================================
Depth      | Mu         | Min Loc (a.u.)  | Min Val (Mb)   
------------------------------------------------------------
0.00       | 0.00       | 5.0000          | 5.5019e-03     
0.00       | 0.10       | 5.0000          | 5.7210e-03     
0.00       | 0.25       | 5.0000          | 5.7171e-03     
0.00       | 0.50       | 5.0000          | 4.9428e-03     
0.30       | 0.00       | 5.0000          | 5.1632e-03     
0.30       | 0.10       | 5.0000          | 5.3223e-03     
0.30       | 0.25       | 5.0000          | 5.0076e-03     
0.30       | 0.50       | 0.0821          | 3.0786e-05     
0.46       | 0.00       | 5.0000          | 4.4598e-03     
0.46       | 0.10       | 5.0000          | 4.2480e-03     
0.46       | 0.25       | 5.0000          | 1.4441e-03     
0.46       | 0.50       | 0.1722          | 1.2514e-05     
0.56       | 0.00       | 5.0000          | 1.6972e-03     
0.56       | 0.10       | 5.0000          | 9.9445e-04     
0.56       | 0.25       | 0.0641          | 1.5868e-06     
0.56       | 0.50       | 1.2158          | 1.2068e-09     
1.03       | 0.00       | 4.3764          | 3.3049e-10     
1.03       | 0.10       | 1.0767          | 5.4272e-11     
1.03       | 0.25       | 4.6162          | 7.2149e-10     
1.03       | 0.50       | 4.7442          | 2.2791e-10     
